, ,  = 0,  = 0,  = 0,  = 0,  = 0

      
            0      1   <NA>
  0    128222      0      0
  1     22256    329      0
  <NA>   2089      0      0

, ,  = 1,  = 0,  = 0,  = 0,  = 0

      
            0      1   <NA>
  0      2232      0      0
  1      2803    113      0
  <NA>    102      0      0

, ,  = NA,  = 0,  = 0,  = 0,  = 0

      
            0      1   <NA>
  0         0      0      0
  1         0      0      0
  <NA>      0      0      0

, ,  = 0,  = 1,  = 0,  = 0,  = 0

      
            0      1   <NA>
  0      1177      0      0
  1       592     19      0
  <NA>     42      0      0

, ,  = 1,  = 1,  = 0,  = 0,  = 0

      
            0      1   <NA>
  0        55      0      0
  1       127      4      0
  <NA>      2      0      0

, ,  = NA,  = 1,  = 0,  = 0,  = 0

      
            0      1   <NA>
  0         0      0      0
  1         0      0      0
  <NA>      0      0      0

, ,  = 0,  = NA,  = 0,  = 0,  = 0

      
            0      1   <NA>
  0         0      0      0
  1         0      0      0
  <NA>      0      0      0

, ,  = 1,  = NA,  = 0,  = 0,  = 0

      
            0      1   <NA>
  0         0      0      0
  1         0      0      0
  <NA>      0      0      0

, ,  = NA,  = NA,  = 0,  = 0,  = 0

      
            0      1   <NA>
  0         0      0      0
  1         0      0      0
  <NA>      0      0      0

, ,  = 0,  = 0,  = 1,  = 0,  = 0

      
            0      1   <NA>
  0       120      0      0
  1       113      4      0
  <NA>      6      0      0

, ,  = 1,  = 0,  = 1,  = 0,  = 0

      
            0      1   <NA>
  0         7      0      0
  1        29      3      0
  <NA>      0      0      0

, ,  = NA,  = 0,  = 1,  = 0,  = 0

      
            0      1   <NA>
  0         0      0      0
  1         0      0      0
  <NA>      0      0      0

, ,  = 0,  = 1,  = 1,  = 0,  = 0

      
            0      1   <NA>
  0        18      0      0
  1        25      0      0
  <NA>      0      0      0

, ,  = 1,  = 1,  = 1,  = 0,  = 0

      
            0      1   <NA>
  0         5      0      0
  1         2      1      0
  <NA>      0      0      0

, ,  = NA,  = 1,  = 1,  = 0,  = 0

      
            0      1   <NA>
  0         0      0      0
  1         0      0      0
  <NA>      0      0      0

, ,  = 0,  = NA,  = 1,  = 0,  = 0

      
            0      1   <NA>
  0         0      0      0
  1         0      0      0
  <NA>      0      0      0

, ,  = 1,  = NA,  = 1,  = 0,  = 0

      
            0      1   <NA>
  0         0      0      0
  1         0      0      0
  <NA>      0      0      0

, ,  = NA,  = NA,  = 1,  = 0,  = 0

      
            0      1   <NA>
  0         0      0      0
  1         0      0      0
  <NA>      0      0      0

, ,  = 0,  = 0,  = NA,  = 0,  = 0

      
            0      1   <NA>
  0         0      0      0
  1         0      0      0
  <NA>      0      0      0

, ,  = 1,  = 0,  = NA,  = 0,  = 0

      
            0      1   <NA>
  0         0      0      0
  1         0      0      0
  <NA>      0      0      0

, ,  = NA,  = 0,  = NA,  = 0,  = 0

      
            0      1   <NA>
  0         0      0      0
  1         0      0      0
  <NA>      0      0      0

, ,  = 0,  = 1,  = NA,  = 0,  = 0

      
            0      1   <NA>
  0         0      0      0
  1         0      0      0
  <NA>      0      0      0

, ,  = 1,  = 1,  = NA,  = 0,  = 0

      
            0      1   <NA>
  0         0      0      0
  1         0      0      0
  <NA>      0      0      0

, ,  = NA,  = 1,  = NA,  = 0,  = 0

      
            0      1   <NA>
  0         0      0      0
  1         0      0      0
  <NA>      0      0      0

, ,  = 0,  = NA,  = NA,  = 0,  = 0

      
            0      1   <NA>
  0         0      0      0
  1         0      0      0
  <NA>      0      0      0

, ,  = 1,  = NA,  = NA,  = 0,  = 0

      
            0      1   <NA>
  0         0      0      0
  1         0      0      0
  <NA>      0      0      0

, ,  = NA,  = NA,  = NA,  = 0,  = 0

      
            0      1   <NA>
  0         0      0      0
  1         0      0      0
  <NA>      0      0      0

, ,  = 0,  = 0,  = 0,  = 1,  = 0

      
            0      1   <NA>
  0       474      0      0
  1       236      8      0
  <NA>     17      0      0

, ,  = 1,  = 0,  = 0,  = 1,  = 0

      
            0      1   <NA>
  0        18      0      0
  1        47      2      0
  <NA>      0      0      0

, ,  = NA,  = 0,  = 0,  = 1,  = 0

      
            0      1   <NA>
  0         0      0      0
  1         0      0      0
  <NA>      0      0      0

, ,  = 0,  = 1,  = 0,  = 1,  = 0

      
            0      1   <NA>
  0        66      0      0
  1        57      1      0
  <NA>      3      0      0

, ,  = 1,  = 1,  = 0,  = 1,  = 0

      
            0      1   <NA>
  0         8      0      0
  1        14      3      0
  <NA>      1      0      0

, ,  = NA,  = 1,  = 0,  = 1,  = 0

      
            0      1   <NA>
  0         0      0      0
  1         0      0      0
  <NA>      0      0      0

, ,  = 0,  = NA,  = 0,  = 1,  = 0

      
            0      1   <NA>
  0         0      0      0
  1         0      0      0
  <NA>      0      0      0

, ,  = 1,  = NA,  = 0,  = 1,  = 0

      
            0      1   <NA>
  0         0      0      0
  1         0      0      0
  <NA>      0      0      0

, ,  = NA,  = NA,  = 0,  = 1,  = 0

      
            0      1   <NA>
  0         0      0      0
  1         0      0      0
  <NA>      0      0      0

, ,  = 0,  = 0,  = 1,  = 1,  = 0

      
            0      1   <NA>
  0        54      0      0
  1        62      3      0
  <NA>      1      0      0

, ,  = 1,  = 0,  = 1,  = 1,  = 0

      
            0      1   <NA>
  0         3      0      0
  1        14      0      0
  <NA>      0      0      0

, ,  = NA,  = 0,  = 1,  = 1,  = 0

      
            0      1   <NA>
  0         0      0      0
  1         0      0      0
  <NA>      0      0      0

, ,  = 0,  = 1,  = 1,  = 1,  = 0

      
            0      1   <NA>
  0        11      0      0
  1        12      0      0
  <NA>      0      0      0

, ,  = 1,  = 1,  = 1,  = 1,  = 0

      
            0      1   <NA>
  0         2      0      0
  1         3      0      0
  <NA>      0      0      0

, ,  = NA,  = 1,  = 1,  = 1,  = 0

      
            0      1   <NA>
  0         0      0      0
  1         0      0      0
  <NA>      0      0      0

, ,  = 0,  = NA,  = 1,  = 1,  = 0

      
            0      1   <NA>
  0         0      0      0
  1         0      0      0
  <NA>      0      0      0

, ,  = 1,  = NA,  = 1,  = 1,  = 0

      
            0      1   <NA>
  0         0      0      0
  1         0      0      0
  <NA>      0      0      0

, ,  = NA,  = NA,  = 1,  = 1,  = 0

      
            0      1   <NA>
  0         0      0      0
  1         0      0      0
  <NA>      0      0      0

, ,  = 0,  = 0,  = NA,  = 1,  = 0

      
            0      1   <NA>
  0         0      0      0
  1         0      0      0
  <NA>      0      0      0

, ,  = 1,  = 0,  = NA,  = 1,  = 0

      
            0      1   <NA>
  0         0      0      0
  1         0      0      0
  <NA>      0      0      0

, ,  = NA,  = 0,  = NA,  = 1,  = 0

      
            0      1   <NA>
  0         0      0      0
  1         0      0      0
  <NA>      0      0      0

, ,  = 0,  = 1,  = NA,  = 1,  = 0

      
            0      1   <NA>
  0         0      0      0
  1         0      0      0
  <NA>      0      0      0

, ,  = 1,  = 1,  = NA,  = 1,  = 0

      
            0      1   <NA>
  0         0      0      0
  1         0      0      0
  <NA>      0      0      0

, ,  = NA,  = 1,  = NA,  = 1,  = 0

      
            0      1   <NA>
  0         0      0      0
  1         0      0      0
  <NA>      0      0      0

, ,  = 0,  = NA,  = NA,  = 1,  = 0

      
            0      1   <NA>
  0         0      0      0
  1         0      0      0
  <NA>      0      0      0

, ,  = 1,  = NA,  = NA,  = 1,  = 0

      
            0      1   <NA>
  0         0      0      0
  1         0      0      0
  <NA>      0      0      0

, ,  = NA,  = NA,  = NA,  = 1,  = 0

      
            0      1   <NA>
  0         0      0      0
  1         0      0      0
  <NA>      0      0      0

, ,  = 0,  = 0,  = 0,  = NA,  = 0

      
            0      1   <NA>
  0         0      0      0
  1         0      0      0
  <NA>      0      0      0

, ,  = 1,  = 0,  = 0,  = NA,  = 0

      
            0      1   <NA>
  0         0      0      0
  1         0      0      0
  <NA>      0      0      0

, ,  = NA,  = 0,  = 0,  = NA,  = 0

      
            0      1   <NA>
  0         0      0      0
  1         0      0      0
  <NA>      0      0      0

, ,  = 0,  = 1,  = 0,  = NA,  = 0

      
            0      1   <NA>
  0         0      0      0
  1         0      0      0
  <NA>      0      0      0

, ,  = 1,  = 1,  = 0,  = NA,  = 0

      
            0      1   <NA>
  0         0      0      0
  1         0      0      0
  <NA>      0      0      0

, ,  = NA,  = 1,  = 0,  = NA,  = 0

      
            0      1   <NA>
  0         0      0      0
  1         0      0      0
  <NA>      0      0      0

, ,  = 0,  = NA,  = 0,  = NA,  = 0

      
            0      1   <NA>
  0         0      0      0
  1         0      0      0
  <NA>      0      0      0

, ,  = 1,  = NA,  = 0,  = NA,  = 0

      
            0      1   <NA>
  0         0      0      0
  1         0      0      0
  <NA>      0      0      0

, ,  = NA,  = NA,  = 0,  = NA,  = 0

      
            0      1   <NA>
  0         0      0      0
  1         0      0      0
  <NA>      0      0      0

, ,  = 0,  = 0,  = 1,  = NA,  = 0

      
            0      1   <NA>
  0         0      0      0
  1         0      0      0
  <NA>      0      0      0

, ,  = 1,  = 0,  = 1,  = NA,  = 0

      
            0      1   <NA>
  0         0      0      0
  1         0      0      0
  <NA>      0      0      0

, ,  = NA,  = 0,  = 1,  = NA,  = 0

      
            0      1   <NA>
  0         0      0      0
  1         0      0      0
  <NA>      0      0      0

, ,  = 0,  = 1,  = 1,  = NA,  = 0

      
            0      1   <NA>
  0         0      0      0
  1         0      0      0
  <NA>      0      0      0

, ,  = 1,  = 1,  = 1,  = NA,  = 0

      
            0      1   <NA>
  0         0      0      0
  1         0      0      0
  <NA>      0      0      0

, ,  = NA,  = 1,  = 1,  = NA,  = 0

      
            0      1   <NA>
  0         0      0      0
  1         0      0      0
  <NA>      0      0      0

, ,  = 0,  = NA,  = 1,  = NA,  = 0

      
            0      1   <NA>
  0         0      0      0
  1         0      0      0
  <NA>      0      0      0

, ,  = 1,  = NA,  = 1,  = NA,  = 0

      
            0      1   <NA>
  0         0      0      0
  1         0      0      0
  <NA>      0      0      0

, ,  = NA,  = NA,  = 1,  = NA,  = 0

      
            0      1   <NA>
  0         0      0      0
  1         0      0      0
  <NA>      0      0      0

, ,  = 0,  = 0,  = NA,  = NA,  = 0

      
            0      1   <NA>
  0         0      0      0
  1         0      0      0
  <NA>      0      0      0

, ,  = 1,  = 0,  = NA,  = NA,  = 0

      
            0      1   <NA>
  0         0      0      0
  1         0      0      0
  <NA>      0      0      0

, ,  = NA,  = 0,  = NA,  = NA,  = 0

      
            0      1   <NA>
  0         0      0      0
  1         0      0      0
  <NA>      0      0      0

, ,  = 0,  = 1,  = NA,  = NA,  = 0

      
            0      1   <NA>
  0         0      0      0
  1         0      0      0
  <NA>      0      0      0

, ,  = 1,  = 1,  = NA,  = NA,  = 0

      
            0      1   <NA>
  0         0      0      0
  1         0      0      0
  <NA>      0      0      0

, ,  = NA,  = 1,  = NA,  = NA,  = 0

      
            0      1   <NA>
  0         0      0      0
  1         0      0      0
  <NA>      0      0      0

, ,  = 0,  = NA,  = NA,  = NA,  = 0

      
            0      1   <NA>
  0        71      0      0
  1        13      0      0
  <NA>      5      0      0

, ,  = 1,  = NA,  = NA,  = NA,  = 0

      
            0      1   <NA>
  0         2      0      0
  1         0      0      0
  <NA>      0      0      0

, ,  = NA,  = NA,  = NA,  = NA,  = 0

      
            0      1   <NA>
  0         0      0      0
  1         0      0      0
  <NA>      0      0      0

, ,  = 0,  = 0,  = 0,  = 0,  = 1

      
            0      1   <NA>
  0      2871      0      0
  1      2868    113      0
  <NA>    141      0      0

, ,  = 1,  = 0,  = 0,  = 0,  = 1

      
            0      1   <NA>
  0       164      0      0
  1       648     52      0
  <NA>     19      0      0

, ,  = NA,  = 0,  = 0,  = 0,  = 1

      
            0      1   <NA>
  0         0      0      0
  1         0      0      0
  <NA>      0      0      0

, ,  = 0,  = 1,  = 0,  = 0,  = 1

      
            0      1   <NA>
  0       122      0      0
  1       215     16      0
  <NA>     10      0      0

, ,  = 1,  = 1,  = 0,  = 0,  = 1

      
            0      1   <NA>
  0        12      0      0
  1        73     10      0
  <NA>      1      0      0

, ,  = NA,  = 1,  = 0,  = 0,  = 1

      
            0      1   <NA>
  0         0      0      0
  1         0      0      0
  <NA>      0      0      0

, ,  = 0,  = NA,  = 0,  = 0,  = 1

      
            0      1   <NA>
  0         0      0      0
  1         0      0      0
  <NA>      0      0      0

, ,  = 1,  = NA,  = 0,  = 0,  = 1

      
            0      1   <NA>
  0         0      0      0
  1         0      0      0
  <NA>      0      0      0

, ,  = NA,  = NA,  = 0,  = 0,  = 1

      
            0      1   <NA>
  0         0      0      0
  1         0      0      0
  <NA>      0      0      0

, ,  = 0,  = 0,  = 1,  = 0,  = 1

      
            0      1   <NA>
  0        13      0      0
  1        37      4      0
  <NA>      0      0      0

, ,  = 1,  = 0,  = 1,  = 0,  = 1

      
            0      1   <NA>
  0         3      0      0
  1        16      4      0
  <NA>      0      0      0

, ,  = NA,  = 0,  = 1,  = 0,  = 1

      
            0      1   <NA>
  0         0      0      0
  1         0      0      0
  <NA>      0      0      0

, ,  = 0,  = 1,  = 1,  = 0,  = 1

      
            0      1   <NA>
  0         8      0      0
  1        16      0      0
  <NA>      1      0      0

, ,  = 1,  = 1,  = 1,  = 0,  = 1

      
            0      1   <NA>
  0         2      0      0
  1         2      0      0
  <NA>      0      0      0

, ,  = NA,  = 1,  = 1,  = 0,  = 1

      
            0      1   <NA>
  0         0      0      0
  1         0      0      0
  <NA>      0      0      0

, ,  = 0,  = NA,  = 1,  = 0,  = 1

      
            0      1   <NA>
  0         0      0      0
  1         0      0      0
  <NA>      0      0      0

, ,  = 1,  = NA,  = 1,  = 0,  = 1

      
            0      1   <NA>
  0         0      0      0
  1         0      0      0
  <NA>      0      0      0

, ,  = NA,  = NA,  = 1,  = 0,  = 1

      
            0      1   <NA>
  0         0      0      0
  1         0      0      0
  <NA>      0      0      0

, ,  = 0,  = 0,  = NA,  = 0,  = 1

      
            0      1   <NA>
  0         0      0      0
  1         0      0      0
  <NA>      0      0      0

, ,  = 1,  = 0,  = NA,  = 0,  = 1

      
            0      1   <NA>
  0         0      0      0
  1         0      0      0
  <NA>      0      0      0

, ,  = NA,  = 0,  = NA,  = 0,  = 1

      
            0      1   <NA>
  0         0      0      0
  1         0      0      0
  <NA>      0      0      0

, ,  = 0,  = 1,  = NA,  = 0,  = 1

      
            0      1   <NA>
  0         0      0      0
  1         0      0      0
  <NA>      0      0      0

, ,  = 1,  = 1,  = NA,  = 0,  = 1

      
            0      1   <NA>
  0         0      0      0
  1         0      0      0
  <NA>      0      0      0

, ,  = NA,  = 1,  = NA,  = 0,  = 1

      
            0      1   <NA>
  0         0      0      0
  1         0      0      0
  <NA>      0      0      0

, ,  = 0,  = NA,  = NA,  = 0,  = 1

      
            0      1   <NA>
  0         0      0      0
  1         0      0      0
  <NA>      0      0      0

, ,  = 1,  = NA,  = NA,  = 0,  = 1

      
            0      1   <NA>
  0         0      0      0
  1         0      0      0
  <NA>      0      0      0

, ,  = NA,  = NA,  = NA,  = 0,  = 1

      
            0      1   <NA>
  0         0      0      0
  1         0      0      0
  <NA>      0      0      0

, ,  = 0,  = 0,  = 0,  = 1,  = 1

      
            0      1   <NA>
  0        55      0      0
  1        87      5      0
  <NA>      1      0      0

, ,  = 1,  = 0,  = 0,  = 1,  = 1

      
            0      1   <NA>
  0         5      0      0
  1        36      9      0
  <NA>      0      0      0

, ,  = NA,  = 0,  = 0,  = 1,  = 1

      
            0      1   <NA>
  0         0      0      0
  1         0      0      0
  <NA>      0      0      0

, ,  = 0,  = 1,  = 0,  = 1,  = 1

      
            0      1   <NA>
  0        13      0      0
  1        35      6      0
  <NA>      2      0      0

, ,  = 1,  = 1,  = 0,  = 1,  = 1

      
            0      1   <NA>
  0         1      0      0
  1        11      3      0
  <NA>      0      0      0

, ,  = NA,  = 1,  = 0,  = 1,  = 1

      
            0      1   <NA>
  0         0      0      0
  1         0      0      0
  <NA>      0      0      0

, ,  = 0,  = NA,  = 0,  = 1,  = 1

      
            0      1   <NA>
  0         0      0      0
  1         0      0      0
  <NA>      0      0      0

, ,  = 1,  = NA,  = 0,  = 1,  = 1

      
            0      1   <NA>
  0         0      0      0
  1         0      0      0
  <NA>      0      0      0

, ,  = NA,  = NA,  = 0,  = 1,  = 1

      
            0      1   <NA>
  0         0      0      0
  1         0      0      0
  <NA>      0      0      0

, ,  = 0,  = 0,  = 1,  = 1,  = 1

      
            0      1   <NA>
  0         8      0      0
  1        17      5      0
  <NA>      0      0      0

, ,  = 1,  = 0,  = 1,  = 1,  = 1

      
            0      1   <NA>
  0         3      0      0
  1        10      0      0
  <NA>      0      0      0

, ,  = NA,  = 0,  = 1,  = 1,  = 1

      
            0      1   <NA>
  0         0      0      0
  1         0      0      0
  <NA>      0      0      0

, ,  = 0,  = 1,  = 1,  = 1,  = 1

      
            0      1   <NA>
  0         3      0      0
  1        10      0      0
  <NA>      0      0      0

, ,  = 1,  = 1,  = 1,  = 1,  = 1

      
            0      1   <NA>
  0         1      0      0
  1        10      1      0
  <NA>      0      0      0

, ,  = NA,  = 1,  = 1,  = 1,  = 1

      
            0      1   <NA>
  0         0      0      0
  1         0      0      0
  <NA>      0      0      0

, ,  = 0,  = NA,  = 1,  = 1,  = 1

      
            0      1   <NA>
  0         0      0      0
  1         0      0      0
  <NA>      0      0      0

, ,  = 1,  = NA,  = 1,  = 1,  = 1

      
            0      1   <NA>
  0         0      0      0
  1         0      0      0
  <NA>      0      0      0

, ,  = NA,  = NA,  = 1,  = 1,  = 1

      
            0      1   <NA>
  0         0      0      0
  1         0      0      0
  <NA>      0      0      0

, ,  = 0,  = 0,  = NA,  = 1,  = 1

      
            0      1   <NA>
  0         0      0      0
  1         0      0      0
  <NA>      0      0      0

, ,  = 1,  = 0,  = NA,  = 1,  = 1

      
            0      1   <NA>
  0         0      0      0
  1         0      0      0
  <NA>      0      0      0

, ,  = NA,  = 0,  = NA,  = 1,  = 1

      
            0      1   <NA>
  0         0      0      0
  1         0      0      0
  <NA>      0      0      0

, ,  = 0,  = 1,  = NA,  = 1,  = 1

      
            0      1   <NA>
  0         0      0      0
  1         0      0      0
  <NA>      0      0      0

, ,  = 1,  = 1,  = NA,  = 1,  = 1

      
            0      1   <NA>
  0         0      0      0
  1         0      0      0
  <NA>      0      0      0

, ,  = NA,  = 1,  = NA,  = 1,  = 1

      
            0      1   <NA>
  0         0      0      0
  1         0      0      0
  <NA>      0      0      0

, ,  = 0,  = NA,  = NA,  = 1,  = 1

      
            0      1   <NA>
  0         0      0      0
  1         0      0      0
  <NA>      0      0      0

, ,  = 1,  = NA,  = NA,  = 1,  = 1

      
            0      1   <NA>
  0         0      0      0
  1         0      0      0
  <NA>      0      0      0

, ,  = NA,  = NA,  = NA,  = 1,  = 1

      
            0      1   <NA>
  0         0      0      0
  1         0      0      0
  <NA>      0      0      0

, ,  = 0,  = 0,  = 0,  = NA,  = 1

      
            0      1   <NA>
  0         0      0      0
  1         0      0      0
  <NA>      0      0      0

, ,  = 1,  = 0,  = 0,  = NA,  = 1

      
            0      1   <NA>
  0         0      0      0
  1         0      0      0
  <NA>      0      0      0

, ,  = NA,  = 0,  = 0,  = NA,  = 1

      
            0      1   <NA>
  0         0      0      0
  1         0      0      0
  <NA>      0      0      0

, ,  = 0,  = 1,  = 0,  = NA,  = 1

      
            0      1   <NA>
  0         0      0      0
  1         0      0      0
  <NA>      0      0      0

, ,  = 1,  = 1,  = 0,  = NA,  = 1

      
            0      1   <NA>
  0         0      0      0
  1         0      0      0
  <NA>      0      0      0

, ,  = NA,  = 1,  = 0,  = NA,  = 1

      
            0      1   <NA>
  0         0      0      0
  1         0      0      0
  <NA>      0      0      0

, ,  = 0,  = NA,  = 0,  = NA,  = 1

      
            0      1   <NA>
  0         0      0      0
  1         0      0      0
  <NA>      0      0      0

, ,  = 1,  = NA,  = 0,  = NA,  = 1

      
            0      1   <NA>
  0         0      0      0
  1         0      0      0
  <NA>      0      0      0

, ,  = NA,  = NA,  = 0,  = NA,  = 1

      
            0      1   <NA>
  0         0      0      0
  1         0      0      0
  <NA>      0      0      0

, ,  = 0,  = 0,  = 1,  = NA,  = 1

      
            0      1   <NA>
  0         0      0      0
  1         0      0      0
  <NA>      0      0      0

, ,  = 1,  = 0,  = 1,  = NA,  = 1

      
            0      1   <NA>
  0         0      0      0
  1         0      0      0
  <NA>      0      0      0

, ,  = NA,  = 0,  = 1,  = NA,  = 1

      
            0      1   <NA>
  0         0      0      0
  1         0      0      0
  <NA>      0      0      0

, ,  = 0,  = 1,  = 1,  = NA,  = 1

      
            0      1   <NA>
  0         0      0      0
  1         0      0      0
  <NA>      0      0      0

, ,  = 1,  = 1,  = 1,  = NA,  = 1

      
            0      1   <NA>
  0         0      0      0
  1         0      0      0
  <NA>      0      0      0

, ,  = NA,  = 1,  = 1,  = NA,  = 1

      
            0      1   <NA>
  0         0      0      0
  1         0      0      0
  <NA>      0      0      0

, ,  = 0,  = NA,  = 1,  = NA,  = 1

      
            0      1   <NA>
  0         0      0      0
  1         0      0      0
  <NA>      0      0      0

, ,  = 1,  = NA,  = 1,  = NA,  = 1

      
            0      1   <NA>
  0         0      0      0
  1         0      0      0
  <NA>      0      0      0

, ,  = NA,  = NA,  = 1,  = NA,  = 1

      
            0      1   <NA>
  0         0      0      0
  1         0      0      0
  <NA>      0      0      0

, ,  = 0,  = 0,  = NA,  = NA,  = 1

      
            0      1   <NA>
  0         0      0      0
  1         0      0      0
  <NA>      0      0      0

, ,  = 1,  = 0,  = NA,  = NA,  = 1

      
            0      1   <NA>
  0         0      0      0
  1         0      0      0
  <NA>      0      0      0

, ,  = NA,  = 0,  = NA,  = NA,  = 1

      
            0      1   <NA>
  0         0      0      0
  1         0      0      0
  <NA>      0      0      0

, ,  = 0,  = 1,  = NA,  = NA,  = 1

      
            0      1   <NA>
  0         0      0      0
  1         0      0      0
  <NA>      0      0      0

, ,  = 1,  = 1,  = NA,  = NA,  = 1

      
            0      1   <NA>
  0         0      0      0
  1         0      0      0
  <NA>      0      0      0

, ,  = NA,  = 1,  = NA,  = NA,  = 1

      
            0      1   <NA>
  0         0      0      0
  1         0      0      0
  <NA>      0      0      0

, ,  = 0,  = NA,  = NA,  = NA,  = 1

      
            0      1   <NA>
  0         6      0      0
  1        10      0      0
  <NA>      1      0      0

, ,  = 1,  = NA,  = NA,  = NA,  = 1

      
            0      1   <NA>
  0         1      0      0
  1         3      1      0
  <NA>      0      0      0

, ,  = NA,  = NA,  = NA,  = NA,  = 1

      
            0      1   <NA>
  0         0      0      0
  1         0      0      0
  <NA>      0      0      0

, ,  = 0,  = 0,  = 0,  = 0,  = NA

      
            0      1   <NA>
  0        94      0      0
  1        77      5      0
  <NA>     41      0      0

, ,  = 1,  = 0,  = 0,  = 0,  = NA

      
            0      1   <NA>
  0         3      0      0
  1        18      1      0
  <NA>      0      0      0

, ,  = NA,  = 0,  = 0,  = 0,  = NA

      
            0      1   <NA>
  0         0      0      0
  1         0      0      0
  <NA>      0      0      0

, ,  = 0,  = 1,  = 0,  = 0,  = NA

      
            0      1   <NA>
  0         2      0      0
  1         2      0      0
  <NA>      2      0      0

, ,  = 1,  = 1,  = 0,  = 0,  = NA

      
            0      1   <NA>
  0         0      0      0
  1         1      0      0
  <NA>      0      0      0

, ,  = NA,  = 1,  = 0,  = 0,  = NA

      
            0      1   <NA>
  0         0      0      0
  1         0      0      0
  <NA>      0      0      0

, ,  = 0,  = NA,  = 0,  = 0,  = NA

      
            0      1   <NA>
  0         0      0      0
  1         0      0      0
  <NA>      0      0      0

, ,  = 1,  = NA,  = 0,  = 0,  = NA

      
            0      1   <NA>
  0         0      0      0
  1         0      0      0
  <NA>      0      0      0

, ,  = NA,  = NA,  = 0,  = 0,  = NA

      
            0      1   <NA>
  0         0      0      0
  1         0      0      0
  <NA>      0      0      0

, ,  = 0,  = 0,  = 1,  = 0,  = NA

      
            0      1   <NA>
  0         0      0      0
  1         0      0      0
  <NA>      0      0      0

, ,  = 1,  = 0,  = 1,  = 0,  = NA

      
            0      1   <NA>
  0         0      0      0
  1         1      0      0
  <NA>      0      0      0

, ,  = NA,  = 0,  = 1,  = 0,  = NA

      
            0      1   <NA>
  0         0      0      0
  1         0      0      0
  <NA>      0      0      0

, ,  = 0,  = 1,  = 1,  = 0,  = NA

      
            0      1   <NA>
  0         0      0      0
  1         1      0      0
  <NA>      0      0      0

, ,  = 1,  = 1,  = 1,  = 0,  = NA

      
            0      1   <NA>
  0         1      0      0
  1         0      0      0
  <NA>      0      0      0

, ,  = NA,  = 1,  = 1,  = 0,  = NA

      
            0      1   <NA>
  0         0      0      0
  1         0      0      0
  <NA>      0      0      0

, ,  = 0,  = NA,  = 1,  = 0,  = NA

      
            0      1   <NA>
  0         0      0      0
  1         0      0      0
  <NA>      0      0      0

, ,  = 1,  = NA,  = 1,  = 0,  = NA

      
            0      1   <NA>
  0         0      0      0
  1         0      0      0
  <NA>      0      0      0

, ,  = NA,  = NA,  = 1,  = 0,  = NA

      
            0      1   <NA>
  0         0      0      0
  1         0      0      0
  <NA>      0      0      0

, ,  = 0,  = 0,  = NA,  = 0,  = NA

      
            0      1   <NA>
  0         0      0      0
  1         0      0      0
  <NA>      0      0      0

, ,  = 1,  = 0,  = NA,  = 0,  = NA

      
            0      1   <NA>
  0         0      0      0
  1         0      0      0
  <NA>      0      0      0

, ,  = NA,  = 0,  = NA,  = 0,  = NA

      
            0      1   <NA>
  0         0      0      0
  1         0      0      0
  <NA>      0      0      0

, ,  = 0,  = 1,  = NA,  = 0,  = NA

      
            0      1   <NA>
  0         0      0      0
  1         0      0      0
  <NA>      0      0      0

, ,  = 1,  = 1,  = NA,  = 0,  = NA

      
            0      1   <NA>
  0         0      0      0
  1         0      0      0
  <NA>      0      0      0

, ,  = NA,  = 1,  = NA,  = 0,  = NA

      
            0      1   <NA>
  0         0      0      0
  1         0      0      0
  <NA>      0      0      0

, ,  = 0,  = NA,  = NA,  = 0,  = NA

      
            0      1   <NA>
  0         0      0      0
  1         0      0      0
  <NA>      0      0      0

, ,  = 1,  = NA,  = NA,  = 0,  = NA

      
            0      1   <NA>
  0         0      0      0
  1         0      0      0
  <NA>      0      0      0

, ,  = NA,  = NA,  = NA,  = 0,  = NA

      
            0      1   <NA>
  0         0      0      0
  1         0      0      0
  <NA>      0      0      0

, ,  = 0,  = 0,  = 0,  = 1,  = NA

      
            0      1   <NA>
  0         2      0      0
  1         1      0      0
  <NA>      0      0      0

, ,  = 1,  = 0,  = 0,  = 1,  = NA

      
            0      1   <NA>
  0         0      0      0
  1         0      0      0
  <NA>      0      0      0

, ,  = NA,  = 0,  = 0,  = 1,  = NA

      
            0      1   <NA>
  0         0      0      0
  1         0      0      0
  <NA>      0      0      0

, ,  = 0,  = 1,  = 0,  = 1,  = NA

      
            0      1   <NA>
  0         0      0      0
  1         0      0      0
  <NA>      0      0      0

, ,  = 1,  = 1,  = 0,  = 1,  = NA

      
            0      1   <NA>
  0         0      0      0
  1         0      0      0
  <NA>      0      0      0

, ,  = NA,  = 1,  = 0,  = 1,  = NA

      
            0      1   <NA>
  0         0      0      0
  1         0      0      0
  <NA>      0      0      0

, ,  = 0,  = NA,  = 0,  = 1,  = NA

      
            0      1   <NA>
  0         0      0      0
  1         0      0      0
  <NA>      0      0      0

, ,  = 1,  = NA,  = 0,  = 1,  = NA

      
            0      1   <NA>
  0         0      0      0
  1         0      0      0
  <NA>      0      0      0

, ,  = NA,  = NA,  = 0,  = 1,  = NA

      
            0      1   <NA>
  0         0      0      0
  1         0      0      0
  <NA>      0      0      0

, ,  = 0,  = 0,  = 1,  = 1,  = NA

      
            0      1   <NA>
  0         0      0      0
  1         1      0      0
  <NA>      0      0      0

, ,  = 1,  = 0,  = 1,  = 1,  = NA

      
            0      1   <NA>
  0         0      0      0
  1         0      0      0
  <NA>      0      0      0

, ,  = NA,  = 0,  = 1,  = 1,  = NA

      
            0      1   <NA>
  0         0      0      0
  1         0      0      0
  <NA>      0      0      0

, ,  = 0,  = 1,  = 1,  = 1,  = NA

      
            0      1   <NA>
  0         0      0      0
  1         0      0      0
  <NA>      0      0      0

, ,  = 1,  = 1,  = 1,  = 1,  = NA

      
            0      1   <NA>
  0         0      0      0
  1         0      0      0
  <NA>      0      0      0

, ,  = NA,  = 1,  = 1,  = 1,  = NA

      
            0      1   <NA>
  0         0      0      0
  1         0      0      0
  <NA>      0      0      0

, ,  = 0,  = NA,  = 1,  = 1,  = NA

      
            0      1   <NA>
  0         0      0      0
  1         0      0      0
  <NA>      0      0      0

, ,  = 1,  = NA,  = 1,  = 1,  = NA

      
            0      1   <NA>
  0         0      0      0
  1         0      0      0
  <NA>      0      0      0

, ,  = NA,  = NA,  = 1,  = 1,  = NA

      
            0      1   <NA>
  0         0      0      0
  1         0      0      0
  <NA>      0      0      0

, ,  = 0,  = 0,  = NA,  = 1,  = NA

      
            0      1   <NA>
  0         0      0      0
  1         0      0      0
  <NA>      0      0      0

, ,  = 1,  = 0,  = NA,  = 1,  = NA

      
            0      1   <NA>
  0         0      0      0
  1         0      0      0
  <NA>      0      0      0

, ,  = NA,  = 0,  = NA,  = 1,  = NA

      
            0      1   <NA>
  0         0      0      0
  1         0      0      0
  <NA>      0      0      0

, ,  = 0,  = 1,  = NA,  = 1,  = NA

      
            0      1   <NA>
  0         0      0      0
  1         0      0      0
  <NA>      0      0      0

, ,  = 1,  = 1,  = NA,  = 1,  = NA

      
            0      1   <NA>
  0         0      0      0
  1         0      0      0
  <NA>      0      0      0

, ,  = NA,  = 1,  = NA,  = 1,  = NA

      
            0      1   <NA>
  0         0      0      0
  1         0      0      0
  <NA>      0      0      0

, ,  = 0,  = NA,  = NA,  = 1,  = NA

      
            0      1   <NA>
  0         0      0      0
  1         0      0      0
  <NA>      0      0      0

, ,  = 1,  = NA,  = NA,  = 1,  = NA

      
            0      1   <NA>
  0         0      0      0
  1         0      0      0
  <NA>      0      0      0

, ,  = NA,  = NA,  = NA,  = 1,  = NA

      
            0      1   <NA>
  0         0      0      0
  1         0      0      0
  <NA>      0      0      0

, ,  = 0,  = 0,  = 0,  = NA,  = NA

      
            0      1   <NA>
  0         0      0      0
  1         0      0      0
  <NA>      0      0      0

, ,  = 1,  = 0,  = 0,  = NA,  = NA

      
            0      1   <NA>
  0         0      0      0
  1         0      0      0
  <NA>      0      0      0

, ,  = NA,  = 0,  = 0,  = NA,  = NA

      
            0      1   <NA>
  0         0      0      0
  1         0      0      0
  <NA>      0      0      0

, ,  = 0,  = 1,  = 0,  = NA,  = NA

      
            0      1   <NA>
  0         0      0      0
  1         0      0      0
  <NA>      0      0      0

, ,  = 1,  = 1,  = 0,  = NA,  = NA

      
            0      1   <NA>
  0         0      0      0
  1         0      0      0
  <NA>      0      0      0

, ,  = NA,  = 1,  = 0,  = NA,  = NA

      
            0      1   <NA>
  0         0      0      0
  1         0      0      0
  <NA>      0      0      0

, ,  = 0,  = NA,  = 0,  = NA,  = NA

      
            0      1   <NA>
  0         0      0      0
  1         0      0      0
  <NA>      0      0      0

, ,  = 1,  = NA,  = 0,  = NA,  = NA

      
            0      1   <NA>
  0         0      0      0
  1         0      0      0
  <NA>      0      0      0

, ,  = NA,  = NA,  = 0,  = NA,  = NA

      
            0      1   <NA>
  0         0      0      0
  1         0      0      0
  <NA>      0      0      0

, ,  = 0,  = 0,  = 1,  = NA,  = NA

      
            0      1   <NA>
  0         0      0      0
  1         0      0      0
  <NA>      0      0      0

, ,  = 1,  = 0,  = 1,  = NA,  = NA

      
            0      1   <NA>
  0         0      0      0
  1         0      0      0
  <NA>      0      0      0

, ,  = NA,  = 0,  = 1,  = NA,  = NA

      
            0      1   <NA>
  0         0      0      0
  1         0      0      0
  <NA>      0      0      0

, ,  = 0,  = 1,  = 1,  = NA,  = NA

      
            0      1   <NA>
  0         0      0      0
  1         0      0      0
  <NA>      0      0      0

, ,  = 1,  = 1,  = 1,  = NA,  = NA

      
            0      1   <NA>
  0         0      0      0
  1         0      0      0
  <NA>      0      0      0

, ,  = NA,  = 1,  = 1,  = NA,  = NA

      
            0      1   <NA>
  0         0      0      0
  1         0      0      0
  <NA>      0      0      0

, ,  = 0,  = NA,  = 1,  = NA,  = NA

      
            0      1   <NA>
  0         0      0      0
  1         0      0      0
  <NA>      0      0      0

, ,  = 1,  = NA,  = 1,  = NA,  = NA

      
            0      1   <NA>
  0         0      0      0
  1         0      0      0
  <NA>      0      0      0

, ,  = NA,  = NA,  = 1,  = NA,  = NA

      
            0      1   <NA>
  0         0      0      0
  1         0      0      0
  <NA>      0      0      0

, ,  = 0,  = 0,  = NA,  = NA,  = NA

      
            0      1   <NA>
  0         0      0      0
  1         0      0      0
  <NA>      0      0      0

, ,  = 1,  = 0,  = NA,  = NA,  = NA

      
            0      1   <NA>
  0         0      0      0
  1         0      0      0
  <NA>      0      0      0

, ,  = NA,  = 0,  = NA,  = NA,  = NA

      
            0      1   <NA>
  0         0      0      0
  1         0      0      0
  <NA>      0      0      0

, ,  = 0,  = 1,  = NA,  = NA,  = NA

      
            0      1   <NA>
  0         0      0      0
  1         0      0      0
  <NA>      0      0      0

, ,  = 1,  = 1,  = NA,  = NA,  = NA

      
            0      1   <NA>
  0         0      0      0
  1         0      0      0
  <NA>      0      0      0

, ,  = NA,  = 1,  = NA,  = NA,  = NA

      
            0      1   <NA>
  0         0      0      0
  1         0      0      0
  <NA>      0      0      0

, ,  = 0,  = NA,  = NA,  = NA,  = NA

      
            0      1   <NA>
  0      2225      0      0
  1       765     13      0
  <NA> 329369      0      0

, ,  = 1,  = NA,  = NA,  = NA,  = NA

      
            0      1   <NA>
  0        19      0      0
  1        24      2      0
  <NA>      2      0      0

, ,  = NA,  = NA,  = NA,  = NA,  = NA

      
            0      1   <NA>
  0         0      0      0
  1         0      0      0
  <NA>      0      0      0

