Measure	Sub-measure	MHQ2	MHQ1	MHQ2-MHQ1	UKB	MHQ2-UKB
Age	45-54	1577 1% 	23449 15% 	-21872 	5254 1% 	-3677 
Age	55-64	44319 26% 	51830 33% 	-7511 	122298 24% 	-77979 
Age	65-74	70462 42% 	70122 45% 	340 	174121 35% 	-103659 
Age	75-84	52572 31% 	11873 8% 	40699 	198269 39% 	-145697 
Age	85+	323 0% 	0 0% 	323 	2235 0% 	-1912 
Age	Median 	70 	65 	5 	72 	-2 
Sex	NA 	97646 71607 	89048 68226 		273184 228993 		
Ethnicity	NA 	163795 1123 1448 375 863 902 	152063 1146 1336 364 819 876 		471837 8022 9829 1573 2902 4553 		
TDI	NA 	20015 52372 96678 	19281 49070 88724 		82263 159332 259959 		
Highest.Qualification	NA 	11249 8350 49810 22833 75311 	10926 7947 44899 21064 70940 		85235 25788 164735 55277 161019 		
Housing	NA 	89809 68553 4107 3802 0 	86316 60165 4170 3769 0 		258973 183217 30522 15881 0 		
Longstanding.Illness	NA 	121750 44296 	110824 43420 		329027 159800 		
Neuroticism	NA 	3.870533 	 3.164906 	3.868016 	 3.165467 		4.118716 	 3.266892 		
Smoking	NA 	11861 57849 99140 	11330 55244 90323 		52940 172939 273351 		
Physical.Activity	NA 	102360 62371 	95131 57788 		305816 169109 		
