Measure	Sub-measure	MHQ2	No Lifetime Criteria	Depression	Bipolar I	Panic Disoder	Any eating disorder
Age.Bands 	 NA 	1579 44339 70480 52579 323 		1114 32279 56525 45397 286 445 11492 12965 6316 33 	1564 44002 70216 52474 323 15 337 264 105 0 	1446 41456 67837 51540 314 133 2883 2643 1039 9 		
Age.Median 	 NA 	70 		67 	65 	66 		
Sex 	 NA 	97675 71625 		73812 61789 22174 9077 	97202 71377 473 248 	92762 69831 4913 1794 		
Ethnicity 	 NA 	163837 1124 1449 375 864 903 		131204 926 1231 315 630 720 30313 176 184 49 223 165 	163155 1113 1444 375 854 897 682 11 5 0 10 6 	157340 1081 1411 364 808 867 6497 43 38 11 56 36 		
TDI 	 NA 	20021 52389 96702 		15049 41352 79057 4631 10225 16353 	19856 52164 96374 165 225 328 	18865 50234 93318 1156 2155 3384 		
Highest.Qualification 	 NA 	11250 8354 49813 22845 75338 		9512 6719 40094 17925 60013 1528 1507 9010 4600 14285 	11223 8316 49606 22742 74998 27 38 207 103 340 	10890 8078 47675 21801 72518 360 276 2138 1044 2820 		
Housing 	 NA 	89830 68575 4108 3804 0 		75268 52683 2684 2689 0 13218 15017 1329 1037 0 	89564 68251 4031 3771 0 266 324 77 33 0 	87314 65178 3699 3572 0 2516 3397 409 232 0 		
Longstanding.Illness 	 NA 	121780 44313 		100581 32671 19665 10852 	121475 43919 305 394 	117755 41799 4025 2514 		
Neuroticism 	 NA 	3.870634 	 3.1649 		5.738597 	 3.340023 	7.029752 	 3.422139 	6.602242 	 3.36204 		
Smoking 	 NA 	11863 57869 99165 		8660 45806 80789 3024 11240 16941 	11747 57593 98840 116 276 325 	11110 55461 95634 753 2408 3531 		
Physical.Activity 	 NA 	62386 102391 		49823 82171 11744 18750 	62123 101954 263 437 	59872 98400 2514 3991 		
